"HI" <- 999
"BYE" <- 1
HI + BYE

1+1
